<?xml version="1.0"?>
<opencv_storage>
<D1 type_id="opencv-matrix">
  <rows>1</rows>
  <cols>5</cols>
  <dt>d</dt>
  <data>
    5.8971586403734755e-01 1.1667722524878077e+02 0. 0.
    -2.2698823758264161e+03</data></D1>
</opencv_storage>
