<?xml version="1.0"?>
<opencv_storage>
<D2 type_id="opencv-matrix">
  <rows>1</rows>
  <cols>5</cols>
  <dt>d</dt>
  <data>
    2.8363843761138434e+00 -8.1845533056493963e+01 0. 0.
    -4.1006067705665055e+03</data></D2>
</opencv_storage>
