<?xml version="1.0"?>
<opencv_storage>
<Intrinsics type_id="opencv-matrix">
  <rows>3</rows>
  <cols>3</cols>
  <dt>f</dt>
  <data>
    8.04852478e+002 0. 3.19014648e+002 0. 8.12211243e+002
    2.70399139e+002 0. 0. 1.</data></Intrinsics>
</opencv_storage>
