<?xml version="1.0"?>
<opencv_storage>
<Intrinsics type_id="opencv-matrix">
  <rows>3</rows>
  <cols>3</cols>
  <dt>f</dt>
  <data>
    3.76443024e+002 0. 3.18975342e+002 0. 3.76368530e+002
    2.70849854e+002 0. 0. 1.</data></Intrinsics>
</opencv_storage>
