<?xml version="1.0"?>
<opencv_storage>
<M1 type_id="opencv-matrix">
  <rows>3</rows>
  <cols>3</cols>
  <dt>d</dt>
  <data>
    8.1562335259481351e+03 0. 1.1739478416959282e+03 0.
    8.1562335259481351e+03 1.1566432122357139e+03 0. 0. 1.</data></M1>
</opencv_storage>
