<?xml version="1.0"?>
<opencv_storage>
<M2 type_id="opencv-matrix">
  <rows>3</rows>
  <cols>3</cols>
  <dt>d</dt>
  <data>
    8.1562335259481351e+03 0. 1.1849168155327318e+03 0.
    8.1562335259481351e+03 1.1505368958576535e+03 0. 0. 1.</data></M2>
</opencv_storage>
