<?xml version="1.0"?>
<opencv_storage>
<P1 type_id="opencv-matrix">
  <rows>3</rows>
  <cols>4</cols>
  <dt>d</dt>
  <data>
    8.1562335259481351e+03 0. 3.1480417633056641e+03 0. 0.
    8.1562335259481351e+03 7.9322299861907959e+02 0. 0. 0. 1. 0.</data></P1>
</opencv_storage>
