<?xml version="1.0"?>
<opencv_storage>
<Q type_id="opencv-matrix">
  <rows>4</rows>
  <cols>4</cols>
  <dt>d</dt>
  <data>
    1. 0. 0. -3.1480417633056641e+03 0. 1. 0. -7.9322299861907959e+02 0.
    0. 0. 8.1562335259481351e+03 0. 0. 1.3921180436145930e-01
    -2.9926159954181202e+01</data></Q>
</opencv_storage>
