<?xml version="1.0"?>
<opencv_storage>
<R1 type_id="opencv-matrix">
  <rows>3</rows>
  <cols>3</cols>
  <dt>d</dt>
  <data>
    9.6687911729720477e-01 -1.0611823414948143e-01
    -2.3212861287565120e-01 1.0553792625733292e-01
    9.9430283362340266e-01 -1.4953968362069397e-02
    2.3239302626343983e-01 -1.0039692697879471e-02
    9.7257014447013135e-01</data></R1>
</opencv_storage>
