<?xml version="1.0"?>
<opencv_storage>
<R2 type_id="opencv-matrix">
  <rows>3</rows>
  <cols>3</cols>
  <dt>d</dt>
  <data>
    9.6672738959494997e-01 -1.1060657649418844e-01
    -2.3066065863768137e-01 1.1118256242350086e-01
    9.9374409393783880e-01 -1.0541042482039329e-02
    2.3038357584662592e-01 -1.5455128595358476e-02
    9.7297715645344041e-01</data></R2>
</opencv_storage>
